Year ended            Net change(2)     Total     Expanding      Opening         Total     Contracting    Closing
                                               establishments establishments            establishments establishments

March 1994                   1.9         42.6          29.6         13.0          35.8           24.7        11.1
March 1995                   2.3         43.1          29.7         13.4          35.8           24.7        11.1
March 1996                   1.5         41.7          28.6         13.1          37.1           25.5        11.6
March 1997                   2.0         42.5          29.0         13.5          36.6           25.1        11.5
March 1998                   1.4         42.0          28.7         13.3          37.1           25.2        11.9
March 1999                   2.1         42.4          28.7         13.7          36.6           25.0        11.6
March 2000                   1.6         42.2          28.6         13.6          37.0           25.0        12.0
March 2001                   0.8         40.6          27.3         13.3          38.6           26.1        12.5
March 2002                   0.5         38.8          25.6         13.2          39.9           27.2        12.7
March 2003                   1.2         38.7          25.5         13.2          38.5           26.5        12.0
March 2004                   1.4         39.5          26.5         13.0          36.6           25.0        11.6
March 2005                   1.4         39.5          26.4         13.1          36.5           24.8        11.7
March 2006                   2.4         40.3          26.6         13.7          35.7           24.4        11.3
March 2007                   1.2         38.9          25.9         13.0          36.7           24.9        11.8
March 2008                   0.3         37.2          24.7         12.5          38.0           25.8        12.2
March 2009                  -2.1         32.2          20.6         11.6          43.2           29.5        13.7
March 2010                  -1.7         32.8          21.5         11.3          40.2           27.2        13.0
March 2011                   0.4         36.9          24.8         12.1          35.1           23.4        11.7
March 2012                   1.6         38.2          25.5         12.7          33.7           22.6        11.1
March 2013                   1.3         37.1          25.2         11.9          33.4           22.8        10.6
March 2014                   1.2         37.4          25.6         11.8          33.2           22.6        10.6
March 2015                   1.4         37.7          25.7         12.0          33.1           22.5        10.6
March 2016                   1.8         38.1          25.7         12.4          33.1           22.5        10.6
March 2017                   1.4         37.1          24.9         12.2          34.1           23.3        10.8
March 2018                   1.2         36.7          24.6         12.1          34.2           23.3        10.9
March 2019                   1.5         36.8          24.4         12.4          34.2           23.3        10.9
March 2020                   0.6         35.9          23.4         12.5          35.9           24.0        11.9
March 2021                   2.2         34.8          21.0         13.8          39.0           27.4        11.6
March 2022                   5.1         42.7          26.9         15.8          30.9           20.2        10.7
March 2023                   2.2         39.7          25.0         14.7          33.7           21.2        12.5
March 2024                   1.7         37.2          23.2         14.0          34.4           22.1        12.3